total_stocks: 167
collection_date: 2025-09-26T21:02:59.012940
period_years: 5
data_source: Yahoo Finance
avg_data_points: 1250.4131736526947
